5000179	14273	2	12/1/2023
5000721	14273	2	12/1/2023
5000904	14273	2	12/1/2023
5000215	13550	3	12/1/2023
5000685	13550	3	12/1/2023
5000913	13550	3	12/1/2023
5001205	13550	3	12/1/2023
5001286	13550	3	12/1/2023
5001428	13550	3	12/1/2023
5002239	13550	3	12/1/2023
5004645	13550	3	12/1/2023
5002141	12500	4	12/1/2023
5002237	12500	4	12/1/2023
5002426	12500	4	12/1/2023
5002506	12500	4	12/1/2023
5003174	12500	4	12/1/2023
5003350	12500	4	12/1/2023
5003360	12500	4	12/1/2023
5004095	12500	4	12/1/2023
5004097	12500	4	12/1/2023
5004386	12500	4	12/1/2023
5004955	12500	4	12/1/2023
5005399	12500	4	12/1/2023
5001147	14273	2	12/1/2023
5004834	14273	2	12/1/2023
5005287	14273	2	12/1/2023
5005464	14273	2	12/1/2023
5000263	13550	3	12/1/2023
5001118	13550	3	12/1/2023
5001329	13550	3	12/1/2023
5002149	13550	3	12/1/2023
5002169	13550	3	12/1/2023
5002204	13550	3	12/1/2023
5003900	13550	3	12/1/2023
5004558	13550	3	12/1/2023
5005057	13550	3	12/1/2023
5005096	13550	3	12/1/2023
5005209	13550	3	12/1/2023
5005212	13550	3	12/1/2023
5002025	12500	4	12/1/2023
5002200	12500	4	12/1/2023
5002640	12500	4	12/1/2023
5003806	12500	4	12/1/2023
5003857	12500	4	12/1/2023
5004093	12500	4	12/1/2023
5005403	12500	4	12/1/2023
5002389	14273	2	12/1/2023
5001728	13550	3	12/1/2023
5002453	13550	3	12/1/2023
5003266	13550	3	12/1/2023
5003739	13550	3	12/1/2023
5003743	13550	3	12/1/2023
5004147	13550	3	12/1/2023
5004285	13550	3	12/1/2023
5004628	13550	3	12/1/2023
5004694	13550	3	12/1/2023
5004771	13550	3	12/1/2023
5004772	13550	3	12/1/2023
5005498	13550	3	12/1/2023
5005502	13550	3	12/1/2023
5005515	13550	3	12/1/2023
5001651	12500	4	12/1/2023
5001684	12500	4	12/1/2023
5001685	12500	4	12/1/2023
5003961	12500	4	12/1/2023
5004151	12500	4	12/1/2023
5004845	12500	4	12/1/2023
5005500	12500	4	12/1/2023
5005501	12500	4	12/1/2023
5000646	14273	2	12/1/2023
5004181	14273	2	12/1/2023
5004268	14273	2	12/1/2023
5000217	13550	3	12/1/2023
5001745	13550	3	12/1/2023
5001814	13550	3	12/1/2023
5002462	13550	3	12/1/2023
5003550	13550	3	12/1/2023
5003758	13550	3	12/1/2023
5004180	13550	3	12/1/2023
5004239	13550	3	12/1/2023
5004623	13550	3	12/1/2023
5004626	13550	3	12/1/2023
5004715	13550	3	12/1/2023
5005158	13550	3	12/1/2023
5005385	13550	3	12/1/2023
5000606	14273	2	12/1/2023
5000897	14273	2	12/1/2023
5000964	14273	2	12/1/2023
5001393	14273	2	12/1/2023
5001442	14273	2	12/1/2023
5001580	14273	2	12/1/2023
5004327	14273	2	12/1/2023
5004637	14273	2	12/1/2023
5005146	14273	2	12/1/2023
5005174	14273	2	12/1/2023
5000435	13550	3	12/1/2023
5000600	13550	3	12/1/2023
5000628	13550	3	12/1/2023
5000651	13550	3	12/1/2023
5000657	13550	3	12/1/2023
5000697	13550	3	12/1/2023
5001330	13550	3	12/1/2023
5001990	13550	3	12/1/2023
5003064	13550	3	12/1/2023
5003289	13550	3	12/1/2023
5003835	13550	3	12/1/2023
5003959	13550	3	12/1/2023
5004120	13550	3	12/1/2023
5004228	13550	3	12/1/2023
5004491	13550	3	12/1/2023
5004542	13550	3	12/1/2023
5004696	13550	3	12/1/2023
5004719	13550	3	12/1/2023
5004730	13550	3	12/1/2023
5005058	13550	3	12/1/2023
5005076	13550	3	12/1/2023
5005121	13550	3	12/1/2023
5005157	13550	3	12/1/2023
5005240	13550	3	12/1/2023
5005244	13550	3	12/1/2023
5005260	13550	3	12/1/2023
5005387	13550	3	12/1/2023
5005426	13550	3	12/1/2023
5005440	13550	3	12/1/2023
5005445	13550	3	12/1/2023
5002013	12500	4	12/1/2023
5002536	12500	4	12/1/2023
5003024	12500	4	12/1/2023
5003695	12500	4	12/1/2023
5003859	12500	4	12/1/2023
5004313	12500	4	12/1/2023
5004433	12500	4	12/1/2023
5004928	12500	4	12/1/2023
5005175	12500	4	12/1/2023
5005293	12500	4	12/1/2023
5000236	14273	2	12/1/2023
5000808	14273	2	12/1/2023
5002345	14273	2	12/1/2023
5002418	14273	2	12/1/2023
5004309	14273	2	12/1/2023
5004665	14273	2	12/1/2023
5000091	13550	3	12/1/2023
5000137	13550	3	12/1/2023
5000415	13550	3	12/1/2023
5000508	13550	3	12/1/2023
5000749	13550	3	12/1/2023
5001175	13550	3	12/1/2023
5001373	13550	3	12/1/2023
5001426	13550	3	12/1/2023
5001829	13550	3	12/1/2023
5002246	13550	3	12/1/2023
5002382	13550	3	12/1/2023
5003671	13550	3	12/1/2023
5003925	13550	3	12/1/2023
5004067	13550	3	12/1/2023
5004197	13550	3	12/1/2023
5004541	13550	3	12/1/2023
5004631	13550	3	12/1/2023
5004713	13550	3	12/1/2023
5004726	13550	3	12/1/2023
5004749	13550	3	12/1/2023
5004923	13550	3	12/1/2023
5005431	13550	3	12/1/2023
5005443	13550	3	12/1/2023
5005463	13550	3	12/1/2023
5005499	13550	3	12/1/2023
5004806	12500	4	12/1/2023
5004926	12500	4	12/1/2023
5005149	12500	4	12/1/2023
5005306	12500	4	12/1/2023
5005328	12500	4	12/1/2023
5005350	12500	4	12/1/2023
5005352	12500	4	12/1/2023
5000097	14273	2	12/1/2023
5000910	14273	2	12/1/2023
5001730	14273	2	12/1/2023
5002512	14273	2	12/1/2023
5004530	14273	2	12/1/2023
5004688	14273	2	12/1/2023
5000117	13550	3	12/1/2023
5000122	13550	3	12/1/2023
5000141	13550	3	12/1/2023
5000537	13550	3	12/1/2023
5000662	13550	3	12/1/2023
5000932	13550	3	12/1/2023
5001236	13550	3	12/1/2023
5001390	13550	3	12/1/2023
5002796	13550	3	12/1/2023
5002899	13550	3	12/1/2023
5003109	13550	3	12/1/2023
5003244	13550	3	12/1/2023
5003406	13550	3	12/1/2023
5003426	13550	3	12/1/2023
5003450	13550	3	12/1/2023
5004083	13550	3	12/1/2023
5004103	13550	3	12/1/2023
5004166	13550	3	12/1/2023
5004168	13550	3	12/1/2023
5004432	13550	3	12/1/2023
5004585	13550	3	12/1/2023
5004598	13550	3	12/1/2023
5004622	13550	3	12/1/2023
5004639	13550	3	12/1/2023
5004925	13550	3	12/1/2023
5004968	13550	3	12/1/2023
5004978	13550	3	12/1/2023
5004991	13550	3	12/1/2023
5004999	13550	3	12/1/2023
5005190	13550	3	12/1/2023
5005278	13550	3	12/1/2023
5005376	13550	3	12/1/2023
5005423	13550	3	12/1/2023
5005468	13550	3	12/1/2023
5002834	12500	4	12/1/2023
5003763	12500	4	12/1/2023
5003872	12500	4	12/1/2023
5004948	12500	4	12/1/2023
5005305	12500	4	12/1/2023
5005317	12500	4	12/1/2023
5005348	12500	4	12/1/2023
5005370	12500	4	12/1/2023
5005405	12500	4	12/1/2023
5000317	14273	2	12/1/2023
5001325	14273	2	12/1/2023
5001940	14273	2	12/1/2023
5002095	14273	2	12/1/2023
5002886	14273	2	12/1/2023
5004229	14273	2	12/1/2023
5004470	14273	2	12/1/2023
5004507	14273	2	12/1/2023
5000023	13550	3	12/1/2023
5000268	13550	3	12/1/2023
5000327	13550	3	12/1/2023
5000631	13550	3	12/1/2023
5000660	13550	3	12/1/2023
5001183	13550	3	12/1/2023
5002091	13550	3	12/1/2023
5002105	13550	3	12/1/2023
5002146	13550	3	12/1/2023
5004328	13550	3	12/1/2023
5004722	13550	3	12/1/2023
5004727	13550	3	12/1/2023
5004747	13550	3	12/1/2023
5004830	13550	3	12/1/2023
5005068	13550	3	12/1/2023
5005143	13550	3	12/1/2023
5005210	13550	3	12/1/2023
5003035	12500	4	12/1/2023
5003054	12500	4	12/1/2023
5005195	12500	4	12/1/2023
5005318	12500	4	12/1/2023
5000622	14273	2	12/1/2023
5001402	14273	2	12/1/2023
5001800	14273	2	12/1/2023
5004013	14273	2	12/1/2023
5004517	14273	2	12/1/2023
5000071	13550	3	12/1/2023
5000500	13550	3	12/1/2023
5000530	13550	3	12/1/2023
5000543	13550	3	12/1/2023
5000619	13550	3	12/1/2023
5000693	13550	3	12/1/2023
5000912	13550	3	12/1/2023
5000948	13550	3	12/1/2023
5000958	13550	3	12/1/2023
5001096	13550	3	12/1/2023
5001160	13550	3	12/1/2023
5001162	13550	3	12/1/2023
5002240	13550	3	12/1/2023
5002337	13550	3	12/1/2023
5003811	13550	3	12/1/2023
5004172	13550	3	12/1/2023
5004448	13550	3	12/1/2023
5004596	13550	3	12/1/2023
5004602	13550	3	12/1/2023
5004624	13550	3	12/1/2023
5004671	13550	3	12/1/2023
5004835	13550	3	12/1/2023
5005126	13550	3	12/1/2023
5005335	13550	3	12/1/2023
5005386	13550	3	12/1/2023
5005444	13550	3	12/1/2023
5003027	12500	4	12/1/2023
5003870	12500	4	12/1/2023
5004917	12500	4	12/1/2023
5004942	12500	4	12/1/2023
5004952	12500	4	12/1/2023
5005309	12500	4	12/1/2023
5005333	12500	4	12/1/2023
5005336	12500	4	12/1/2023
5005411	12500	4	12/1/2023
5000953	14273	2	12/1/2023
5002833	14273	2	12/1/2023
5004058	14273	2	12/1/2023
5000638	13550	3	12/1/2023
5000694	13550	3	12/1/2023
5000708	13550	3	12/1/2023
5000909	13550	3	12/1/2023
5000966	13550	3	12/1/2023
5000969	13550	3	12/1/2023
5001221	13550	3	12/1/2023
5001289	13550	3	12/1/2023
5001771	13550	3	12/1/2023
5002325	13550	3	12/1/2023
5003234	13550	3	12/1/2023
5003250	13550	3	12/1/2023
5003444	13550	3	12/1/2023
5003691	13550	3	12/1/2023
5003724	13550	3	12/1/2023
5003819	13550	3	12/1/2023
5004049	13550	3	12/1/2023
5004062	13550	3	12/1/2023
5004299	13550	3	12/1/2023
5004310	13550	3	12/1/2023
5004559	13550	3	12/1/2023
5004748	13550	3	12/1/2023
5004757	13550	3	12/1/2023
5004841	13550	3	12/1/2023
5004969	13550	3	12/1/2023
5005128	13550	3	12/1/2023
5005270	13550	3	12/1/2023
5005371	13550	3	12/1/2023
5005414	13550	3	12/1/2023
5005453	13550	3	12/1/2023
5005507	13550	3	12/1/2023
5001006	12500	4	12/1/2023
5002684	12500	4	12/1/2023
5003396	12500	4	12/1/2023
5003760	12500	4	12/1/2023
5003953	12500	4	12/1/2023
5004927	12500	4	12/1/2023
5004936	12500	4	12/1/2023
5004944	12500	4	12/1/2023
5005354	12500	4	12/1/2023
5003985	14273	2	12/1/2023
5004087	14273	2	12/1/2023
5004111	14273	2	12/1/2023
5000050	13550	3	12/1/2023
5000765	13550	3	12/1/2023
5000938	13550	3	12/1/2023
5000982	13550	3	12/1/2023
5001108	13550	3	12/1/2023
5001901	13550	3	12/1/2023
5001972	13550	3	12/1/2023
5002113	13550	3	12/1/2023
5002116	13550	3	12/1/2023
5004060	13550	3	12/1/2023
5004264	13550	3	12/1/2023
5004325	13550	3	12/1/2023
5004493	13550	3	12/1/2023
5004553	13550	3	12/1/2023
5004717	13550	3	12/1/2023
5004831	13550	3	12/1/2023
5004972	13550	3	12/1/2023
5005394	13550	3	12/1/2023
5005404	13550	3	12/1/2023
5005420	13550	3	12/1/2023
5005495	13550	3	12/1/2023
5002612	12500	4	12/1/2023
5003455	12500	4	12/1/2023
5005134	12500	4	12/1/2023
5005292	12500	4	12/1/2023
5001475	14273	2	12/1/2023
5004855	14273	2	12/1/2023
5001465	13550	3	12/1/2023
5001466	13550	3	12/1/2023
5001470	13550	3	12/1/2023
5001959	13550	3	12/1/2023
5002119	13550	3	12/1/2023
5002750	13550	3	12/1/2023
5002828	13550	3	12/1/2023
5003226	13550	3	12/1/2023
5004306	13550	3	12/1/2023
5004676	13550	3	12/1/2023
5004710	13550	3	12/1/2023
5004854	13550	3	12/1/2023
5004895	13550	3	12/1/2023
5005206	13550	3	12/1/2023
5002172	12500	4	12/1/2023
5002940	12500	4	12/1/2023
5003615	12500	4	12/1/2023
5003932	12500	4	12/1/2023
5004911	12500	4	12/1/2023
5005045	12500	4	12/1/2023
5005111	12500	4	12/1/2023
5005331	12500	4	12/1/2023
5001773	14273	2	12/1/2023
5004511	14273	2	12/1/2023
5001570	13550	3	12/1/2023
5002216	13550	3	12/1/2023
5002467	13550	3	12/1/2023
5003003	13550	3	12/1/2023
5003165	13550	3	12/1/2023
5003791	13550	3	12/1/2023
5003805	13550	3	12/1/2023
5004183	13550	3	12/1/2023
5004410	13550	3	12/1/2023
5004706	13550	3	12/1/2023
5004867	13550	3	12/1/2023
5004962	13550	3	12/1/2023
5004967	13550	3	12/1/2023
5004992	13550	3	12/1/2023
5004376	12500	4	12/1/2023
5004891	12500	4	12/1/2023
5005115	12500	4	12/1/2023
5005144	12500	4	12/1/2023
5005179	12500	4	12/1/2023
5005307	12500	4	12/1/2023
5004450	14273	2	12/1/2023
5001903	13550	3	12/1/2023
5002122	13550	3	12/1/2023
5002390	13550	3	12/1/2023
5002425	13550	3	12/1/2023
5002504	13550	3	12/1/2023
5002776	13550	3	12/1/2023
5004000	13550	3	12/1/2023
5004793	13550	3	12/1/2023
5005064	13550	3	12/1/2023
5005180	13550	3	12/1/2023
5005262	13550	3	12/1/2023
5002934	12500	4	12/1/2023
5004728	12500	4	12/1/2023
5004737	12500	4	12/1/2023
5005054	12500	4	12/1/2023
5005127	12500	4	12/1/2023
5005135	12500	4	12/1/2023
5005186	12500	4	12/1/2023
5005329	12500	4	12/1/2023
5002903	14273	2	12/1/2023
5004469	14273	2	12/1/2023
5004914	14273	2	12/1/2023
5002035	13550	3	12/1/2023
5002305	13550	3	12/1/2023
5002598	13550	3	12/1/2023
5002782	13550	3	12/1/2023
5003394	13550	3	12/1/2023
5003973	13550	3	12/1/2023
5004438	13550	3	12/1/2023
5004714	13550	3	12/1/2023
5004848	13550	3	12/1/2023
5004980	13550	3	12/1/2023
5005428	13550	3	12/1/2023
5005480	13550	3	12/1/2023
5005519	13550	3	12/1/2023
5002209	12500	4	12/1/2023
5003053	12500	4	12/1/2023
5003137	12500	4	12/1/2023
5003473	12500	4	12/1/2023
5004862	12500	4	12/1/2023
5004898	12500	4	12/1/2023
5004981	12500	4	12/1/2023
5005079	12500	4	12/1/2023
5005106	12500	4	12/1/2023
5004411	14273	2	12/1/2023
5002242	13550	3	12/1/2023
5002523	13550	3	12/1/2023
5002535	13550	3	12/1/2023
5002624	13550	3	12/1/2023
5002800	13550	3	12/1/2023
5002941	13550	3	12/1/2023
5003917	13550	3	12/1/2023
5003974	13550	3	12/1/2023
5004023	13550	3	12/1/2023
5004209	13550	3	12/1/2023
5004357	13550	3	12/1/2023
5004456	13550	3	12/1/2023
5004484	13550	3	12/1/2023
5004707	13550	3	12/1/2023
5004723	13550	3	12/1/2023
5005062	13550	3	12/1/2023
5005145	13550	3	12/1/2023
5005207	13550	3	12/1/2023
5005485	13550	3	12/1/2023
5002492	12500	4	12/1/2023
5002630	12500	4	12/1/2023
5002709	12500	4	12/1/2023
5002788	12500	4	12/1/2023
5003135	12500	4	12/1/2023
5003597	12500	4	12/1/2023
5004973	12500	4	12/1/2023
5005075	12500	4	12/1/2023
5005130	12500	4	12/1/2023
5005191	12500	4	12/1/2023
5005299	12500	4	12/1/2023
5005332	12500	4	12/1/2023
5005341	12500	4	12/1/2023
5001744	13550	3	12/1/2023
5002386	13550	3	12/1/2023
5003846	13550	3	12/1/2023
5004453	13550	3	12/1/2023
5004673	13550	3	12/1/2023
5002547	12500	4	12/1/2023
5002591	12500	4	12/1/2023
5002668	12500	4	12/1/2023
5002819	12500	4	12/1/2023
5002837	12500	4	12/1/2023
5002888	12500	4	12/1/2023
5003359	12500	4	12/1/2023
5003383	12500	4	12/1/2023
5003439	12500	4	12/1/2023
5003542	12500	4	12/1/2023
5003546	12500	4	12/1/2023
5003726	12500	4	12/1/2023
5004779	12500	4	12/1/2023
5004966	12500	4	12/1/2023
5004971	12500	4	12/1/2023
5004977	12500	4	12/1/2023
5005001	12500	4	12/1/2023
5005024	12500	4	12/1/2023
5005034	12500	4	12/1/2023
5005036	12500	4	12/1/2023
5005066	12500	4	12/1/2023
5005116	12500	4	12/1/2023
5005120	12500	4	12/1/2023
5005133	12500	4	12/1/2023
5005151	12500	4	12/1/2023
5005162	12500	4	12/1/2023
5005242	12500	4	12/1/2023
5005243	12500	4	12/1/2023
5005257	12500	4	12/1/2023
5005283	12500	4	12/1/2023
5005301	12500	4	12/1/2023
5005322	12500	4	12/1/2023
5005327	12500	4	12/1/2023
5005337	12500	4	12/1/2023
5005340	12500	4	12/1/2023
5005356	12500	4	12/1/2023
5005373	12500	4	12/1/2023
5005375	12500	4	12/1/2023
5005379	12500	4	12/1/2023
5005380	12500	4	12/1/2023
5005388	12500	4	12/1/2023
5005391	12500	4	12/1/2023
5005392	12500	4	12/1/2023
5005393	12500	4	12/1/2023
5005398	12500	4	12/1/2023
5005400	12500	4	12/1/2023
5005401	12500	4	12/1/2023
5005407	12500	4	12/1/2023
5005409	12500	4	12/1/2023
5005410	12500	4	12/1/2023
5005417	12500	4	12/1/2023
5005427	12500	4	12/1/2023
5005432	12500	4	12/1/2023
5005433	12500	4	12/1/2023
5005447	12500	4	12/1/2023
5005461	12500	4	12/1/2023
5005465	12500	4	12/1/2023
5005466	12500	4	12/1/2023
5005467	12500	4	12/1/2023
5005469	12500	4	12/1/2023
5005476	12500	4	12/1/2023
5005482	12500	4	12/1/2023
5005497	12500	4	12/1/2023
5005503	12500	4	12/1/2023
5005521	12500	4	12/1/2023
5005529	12500	4	12/1/2023
5003650	14273	2	12/1/2023
5005231	14273	2	12/1/2023
5005222	13550	3	12/1/2023
5004205	15035	1	12/1/2023
5004128	15035	1	12/1/2023
5002232	15035	1	12/1/2023
5001348	15200	3	12/1/2023
5000704	13550	3	12/1/2023
5000717	13550	3	12/1/2023
5000788	13550	3	12/1/2023
5001410	13550	3	12/1/2023
5002019	13550	3	12/1/2023
5002527	13550	3	12/1/2023
5002691	13550	3	12/1/2023
5003212	13550	3	12/1/2023
5003800	13550	3	12/1/2023
5003920	13550	3	12/1/2023
5004022	13550	3	12/1/2023
5004123	13550	3	12/1/2023
5004265	13550	3	12/1/2023
5004338	13550	3	12/1/2023
5004527	13550	3	12/1/2023
5004606	13550	3	12/1/2023
5004610	13550	3	12/1/2023
5004616	13550	3	12/1/2023
5004634	13550	3	12/1/2023
5004646	13550	3	12/1/2023
5004690	13550	3	12/1/2023
5004739	13550	3	12/1/2023
5004799	13550	3	12/1/2023
5004859	13550	3	12/1/2023
5004874	13550	3	12/1/2023
5005030	13550	3	12/1/2023
5005086	13550	3	12/1/2023
5005141	13550	3	12/1/2023
5005164	13550	3	12/1/2023
5005214	13550	3	12/1/2023
5005218	13550	3	12/1/2023
5005226	13550	3	12/1/2023
5005251	13550	3	12/1/2023
5005253	13550	3	12/1/2023
5005255	13550	3	12/1/2023
5005269	13550	3	12/1/2023
5005279	13550	3	12/1/2023
5005297	13550	3	12/1/2023
5005303	13550	3	12/1/2023
5005429	13550	3	12/1/2023
5005494	13550	3	12/1/2023
5000012	12800	4	12/1/2023
5000015	12800	4	12/1/2023
5000182	12800	4	12/1/2023
5000192	12800	4	12/1/2023
5000282	12800	4	12/1/2023
5000292	12800	4	12/1/2023
5000445	12800	4	12/1/2023
5000931	12800	4	12/1/2023
5001344	12800	4	12/1/2023
5001405	12800	4	12/1/2023
5001541	12800	4	12/1/2023
5001588	12800	4	12/1/2023
5002554	12800	4	12/1/2023
5003340	12800	4	12/1/2023
5003575	12800	4	12/1/2023
5003576	12800	4	12/1/2023
5003936	12800	4	12/1/2023
5004178	12800	4	12/1/2023
5004246	12800	4	12/1/2023
5004399	12800	4	12/1/2023
5004400	12800	4	12/1/2023
5004405	12800	4	12/1/2023
5004416	12800	4	12/1/2023
5004417	12800	4	12/1/2023
5004526	12800	4	12/1/2023
5004752	12800	4	12/1/2023
5004753	12800	4	12/1/2023
5004786	12800	4	12/1/2023
5004915	12800	4	12/1/2023
5004918	12800	4	12/1/2023
5004961	12800	4	12/1/2023
5004986	12800	4	12/1/2023
5005010	12800	4	12/1/2023
5005025	12800	4	12/1/2023
5005026	12800	4	12/1/2023
5005091	12800	4	12/1/2023
5005092	12800	4	12/1/2023
5005103	12800	4	12/1/2023
5005177	12800	4	12/1/2023
5005178	12800	4	12/1/2023
5005245	12800	4	12/1/2023
5005249	12800	4	12/1/2023
5005528	12800	4	12/1/2023
5000019	12800	4	12/1/2023
5000894	12800	4	12/1/2023
5002917	12800	4	12/1/2023
5002988	12800	4	12/1/2023
5003227	12800	4	12/1/2023
5003641	12800	4	12/1/2023
5003680	12800	4	12/1/2023
5003928	12800	4	12/1/2023
5003938	12800	4	12/1/2023
5004244	12800	4	12/1/2023
5004262	12800	4	12/1/2023
5004810	12800	4	12/1/2023
5004852	12800	4	12/1/2023
5004869	12800	4	12/1/2023
5005302	12800	4	12/1/2023
5005412	12800	4	12/1/2023
5005522	12800	4	12/1/2023
5005533	12800	4	12/1/2023